30 min 50 rpm
3.4505744634727975, 0.01586578991738319
17.918382831129428, 0.4703543126911866
32.964990244959914, 0.28431967627718757
48.37578582267505, 0.14694462509333522
63.16876219380013, 0.13297444420357923
77.56936917407327, 0.08205554351229616
90 min 50 rpm
6.181985692607846, 0.014146012476816683
21.146217212226325, 0.3290098032131415
35.887166702796456, 0.2699930149095551
50.73867331454584, 0.16503360069369172
65.77227400823762, 0.11773731242623497
80.7495122479948, 0.1605294216826842
120 min 50 rpm
8.755148493388248, 0.011520581930293594
23.623997398655966, 0.2993544812968181
38.83969217429007, 0.2430546523111014
53.53295035768482, 0.1371895849892814
69.14535009755042, 0.11603680420068885
83.60448731844787, 0.10746200351663171
113.38120528939956, 0.1335814244767204
180 min 50 rpm
11.807392152612174, 0.009810439097237222
26.834489486234567, 0.2318833249030517
41.25460654671581, 0.23952356865862168
56.73043572512466, 0.07512344340872423
71.47572078907436, 0.08097165016740127
86.67407327119014, 0.09854517426596332
101.3218079340993, 0.07826432545704165
116.6350531107739, 0.24809355203892375
0 min 100 rpm
3.137883164596012, 0.015481766086135607
17.957413691561264, 0.4268007216909255
32.64120649521832, 0.38338521655401925
47.59815744454104, 0.25259649811631185
62.06488207084161, 0.0
10 min 100 rpm
6.338376756317139, 0.02174140654943868
20.641318675154942, 0.4635957409017396
35.56910284095688, 0.27807069205672563
49.95730151162463, 0.27992353067653847
64.42066073982667, 0.022827682269026206
20 min 100 rpm
8.681815632274173, 0.019595030428807836
23.556875227865483, 0.5351235381552009
38.05164483832066, 0.3369745071094034
52.801062904899446, 0.21671574538893718
67.30648960933334, 0.03856652737657884
30 min 100 rpm
11.449855568331607, 0.014283310429929696
25.89582690635779, 0.32455618812575365
41.03787475110075, 0.34113264342672306
55.541618756485384, 0.15982556019855843
70.4800600162661, 0.19430032438698341
30 min 100 rpm
3.073522216267854, 0.013693236095901673
18.161012605139923, 0.325550455509215
33.414862881241405, 0.345173466296978
48.01865141312706, 0.16218225028542138
63.497110836692386, 0.19733218388126472
90 min 100 rpm
6.102483748456393, 0.01727207064470293
21.44300892378667, 0.3972436450057084
36.35947948461056, 0.3927141825298819
51.00707146019246, 0.29075933735641557
66.12438547030455, 0.05779025606374799
120 min 100 rpm
8.695274820009786, 0.01393555301847671
23.889011859549385, 0.3223490761667327
38.927106875742666, 0.3428248561243272
54.18095715184418, 0.16244786691209023
68.68688692653603, 0.1984179500920339
180 min 100 rpm
11.618455695612667, 0.021820172883804445
26.443125422307133, 0.44745916726857565
42.06557701717189, 0.34899461776835433
56.645599850881894, 0.12203686013187642
71.47492951839511, 0.1562967450313381
